1396 1524
1 128
1 1388

2 1 0 0 128 XOR
1 1 128 129 INV
2 1 0 127 130 XOR
2 1 1 127 131 XOR
2 1 6 127 132 XOR
2 1 127 126 133 XOR
2 1 130 126 134 XOR
2 1 5 126 135 XOR
2 1 128 61 136 XOR
2 1 128 60 137 XOR
2 1 128 59 138 XOR
2 1 128 58 139 XOR
2 1 128 57 140 XOR
2 1 128 56 141 XOR
2 1 128 55 142 XOR
2 1 128 54 143 XOR
2 1 128 53 144 XOR
2 1 128 52 145 XOR
2 1 128 51 146 XOR
2 1 128 50 147 XOR
2 1 128 49 148 XOR
2 1 128 48 149 XOR
2 1 128 47 150 XOR
2 1 128 46 151 XOR
2 1 128 45 152 XOR
2 1 128 44 153 XOR
2 1 128 43 154 XOR
2 1 128 42 155 XOR
2 1 128 41 156 XOR
2 1 128 40 157 XOR
2 1 128 39 158 XOR
2 1 128 38 159 XOR
2 1 128 37 160 XOR
2 1 128 36 161 XOR
2 1 128 35 162 XOR
2 1 128 34 163 XOR
2 1 128 33 164 XOR
2 1 128 32 165 XOR
2 1 128 31 166 XOR
2 1 128 30 167 XOR
2 1 128 29 168 XOR
2 1 128 28 169 XOR
2 1 128 27 170 XOR
2 1 128 26 171 XOR
2 1 128 25 172 XOR
2 1 128 24 173 XOR
2 1 128 23 174 XOR
2 1 128 22 175 XOR
2 1 128 21 176 XOR
2 1 128 20 177 XOR
2 1 128 19 178 XOR
2 1 128 18 179 XOR
2 1 128 17 180 XOR
2 1 128 16 181 XOR
2 1 128 15 182 XOR
2 1 128 14 183 XOR
2 1 128 13 184 XOR
2 1 128 12 185 XOR
2 1 128 11 186 XOR
2 1 128 10 187 XOR
2 1 128 9 188 XOR
2 1 128 8 189 XOR
2 1 128 7 190 XOR
2 1 128 132 191 XOR
2 1 128 135 192 XOR
2 1 128 4 193 XOR
2 1 128 3 194 XOR
2 1 128 2 195 XOR
2 1 128 131 196 XOR
2 1 128 134 197 XOR
2 1 128 133 198 XOR
2 1 128 126 199 XOR
2 1 128 61 200 XOR
2 1 128 60 201 XOR
2 1 128 59 202 XOR
2 1 128 58 203 XOR
2 1 128 57 204 XOR
2 1 128 56 205 XOR
2 1 128 55 206 XOR
2 1 128 54 207 XOR
2 1 128 53 208 XOR
2 1 128 52 209 XOR
2 1 128 51 210 XOR
2 1 128 50 211 XOR
2 1 128 49 212 XOR
2 1 128 48 213 XOR
2 1 128 47 214 XOR
2 1 128 46 215 XOR
2 1 128 45 216 XOR
2 1 128 44 217 XOR
2 1 128 43 218 XOR
2 1 128 42 219 XOR
2 1 128 41 220 XOR
2 1 128 40 221 XOR
2 1 128 39 222 XOR
2 1 128 38 223 XOR
2 1 128 37 224 XOR
2 1 128 36 225 XOR
2 1 128 35 226 XOR
2 1 128 34 227 XOR
2 1 128 33 228 XOR
2 1 128 32 229 XOR
2 1 128 31 230 XOR
2 1 128 30 231 XOR
2 1 128 29 232 XOR
2 1 128 28 233 XOR
2 1 128 27 234 XOR
2 1 128 26 235 XOR
2 1 128 25 236 XOR
2 1 128 24 237 XOR
2 1 128 23 238 XOR
2 1 128 22 239 XOR
2 1 128 21 240 XOR
2 1 128 20 241 XOR
2 1 128 19 242 XOR
2 1 128 18 243 XOR
2 1 128 17 244 XOR
2 1 128 16 245 XOR
2 1 128 15 246 XOR
2 1 128 14 247 XOR
2 1 128 13 248 XOR
2 1 128 12 249 XOR
2 1 128 11 250 XOR
2 1 128 10 251 XOR
2 1 128 9 252 XOR
2 1 128 8 253 XOR
2 1 128 7 254 XOR
2 1 128 132 255 XOR
2 1 128 135 256 XOR
2 1 128 4 257 XOR
2 1 128 3 258 XOR
2 1 128 2 259 XOR
2 1 128 131 260 XOR
2 1 128 134 261 XOR
2 1 128 133 262 XOR
2 1 128 126 263 XOR
2 1 128 128 264 XOR
2 1 128 128 265 XOR
2 1 128 128 266 XOR
2 1 128 128 267 XOR
2 1 128 128 268 XOR
2 1 128 128 269 XOR
2 1 128 128 270 XOR
2 1 128 128 271 XOR
2 1 128 128 272 XOR
2 1 128 128 273 XOR
2 1 128 128 274 XOR
2 1 128 128 275 XOR
2 1 128 128 276 XOR
2 1 128 128 277 XOR
2 1 128 128 278 XOR
2 1 128 128 279 XOR
2 1 128 128 280 XOR
2 1 128 128 281 XOR
2 1 128 128 282 XOR
2 1 128 128 283 XOR
2 1 128 128 284 XOR
2 1 128 128 285 XOR
2 1 128 128 286 XOR
2 1 128 128 287 XOR
2 1 128 128 288 XOR
2 1 128 128 289 XOR
2 1 128 128 290 XOR
2 1 128 128 291 XOR
2 1 128 128 292 XOR
2 1 128 128 293 XOR
2 1 128 128 294 XOR
2 1 128 128 295 XOR
2 1 128 128 296 XOR
2 1 128 128 297 XOR
2 1 128 128 298 XOR
2 1 128 128 299 XOR
2 1 128 128 300 XOR
2 1 128 128 301 XOR
2 1 128 128 302 XOR
2 1 128 128 303 XOR
2 1 128 128 304 XOR
2 1 128 128 305 XOR
2 1 128 128 306 XOR
2 1 128 128 307 XOR
2 1 128 128 308 XOR
2 1 128 128 309 XOR
2 1 128 128 310 XOR
2 1 128 128 311 XOR
2 1 128 128 312 XOR
2 1 128 128 313 XOR
2 1 128 128 314 XOR
2 1 128 128 315 XOR
2 1 128 128 316 XOR
2 1 128 128 317 XOR
2 1 128 128 318 XOR
2 1 128 128 319 XOR
2 1 128 128 320 XOR
2 1 128 128 321 XOR
2 1 128 128 322 XOR
2 1 128 128 323 XOR
2 1 128 128 324 XOR
2 1 128 128 325 XOR
2 1 128 128 326 XOR
2 1 128 128 327 XOR
2 1 128 128 328 XOR
2 1 128 128 329 XOR
2 1 128 128 330 XOR
2 1 128 128 331 XOR
2 1 128 128 332 XOR
2 1 128 128 333 XOR
2 1 128 128 334 XOR
2 1 128 128 335 XOR
2 1 128 128 336 XOR
2 1 128 128 337 XOR
2 1 128 128 338 XOR
2 1 128 128 339 XOR
2 1 128 128 340 XOR
2 1 128 128 341 XOR
2 1 128 128 342 XOR
2 1 128 128 343 XOR
2 1 128 128 344 XOR
2 1 128 128 345 XOR
2 1 128 128 346 XOR
2 1 128 128 347 XOR
2 1 128 128 348 XOR
2 1 128 128 349 XOR
2 1 128 128 350 XOR
2 1 128 128 351 XOR
2 1 128 128 352 XOR
2 1 128 128 353 XOR
2 1 128 128 354 XOR
2 1 128 128 355 XOR
2 1 128 128 356 XOR
2 1 128 128 357 XOR
2 1 128 128 358 XOR
2 1 128 128 359 XOR
2 1 128 128 360 XOR
2 1 128 128 361 XOR
2 1 128 128 362 XOR
2 1 128 128 363 XOR
2 1 128 128 364 XOR
2 1 128 128 365 XOR
2 1 128 128 366 XOR
2 1 128 128 367 XOR
2 1 128 128 368 XOR
2 1 128 128 369 XOR
2 1 128 128 370 XOR
2 1 128 128 371 XOR
2 1 128 128 372 XOR
2 1 128 128 373 XOR
2 1 128 128 374 XOR
2 1 128 128 375 XOR
2 1 128 128 376 XOR
2 1 128 128 377 XOR
2 1 128 128 378 XOR
2 1 128 128 379 XOR
2 1 128 128 380 XOR
2 1 128 128 381 XOR
2 1 128 128 382 XOR
2 1 128 128 383 XOR
2 1 128 128 384 XOR
2 1 128 128 385 XOR
2 1 128 128 386 XOR
2 1 128 128 387 XOR
2 1 128 128 388 XOR
2 1 128 128 389 XOR
2 1 128 128 390 XOR
2 1 128 128 391 XOR
2 1 128 61 392 XOR
2 1 128 60 393 XOR
2 1 128 59 394 XOR
2 1 128 58 395 XOR
2 1 128 57 396 XOR
2 1 128 56 397 XOR
2 1 128 55 398 XOR
2 1 128 54 399 XOR
2 1 128 53 400 XOR
2 1 128 52 401 XOR
2 1 128 51 402 XOR
2 1 128 50 403 XOR
2 1 128 49 404 XOR
2 1 128 48 405 XOR
2 1 128 47 406 XOR
2 1 128 46 407 XOR
2 1 128 45 408 XOR
2 1 128 44 409 XOR
2 1 128 43 410 XOR
2 1 128 42 411 XOR
2 1 128 41 412 XOR
2 1 128 40 413 XOR
2 1 128 39 414 XOR
2 1 128 38 415 XOR
2 1 128 37 416 XOR
2 1 128 36 417 XOR
2 1 128 35 418 XOR
2 1 128 34 419 XOR
2 1 128 33 420 XOR
2 1 128 32 421 XOR
2 1 128 31 422 XOR
2 1 128 30 423 XOR
2 1 128 29 424 XOR
2 1 128 28 425 XOR
2 1 128 27 426 XOR
2 1 128 26 427 XOR
2 1 128 25 428 XOR
2 1 128 24 429 XOR
2 1 128 23 430 XOR
2 1 128 22 431 XOR
2 1 128 21 432 XOR
2 1 128 20 433 XOR
2 1 128 19 434 XOR
2 1 128 18 435 XOR
2 1 128 17 436 XOR
2 1 128 16 437 XOR
2 1 128 15 438 XOR
2 1 128 14 439 XOR
2 1 128 13 440 XOR
2 1 128 12 441 XOR
2 1 128 11 442 XOR
2 1 128 10 443 XOR
2 1 128 9 444 XOR
2 1 128 8 445 XOR
2 1 128 7 446 XOR
2 1 128 132 447 XOR
2 1 128 135 448 XOR
2 1 128 4 449 XOR
2 1 128 3 450 XOR
2 1 128 2 451 XOR
2 1 128 131 452 XOR
2 1 128 134 453 XOR
2 1 128 133 454 XOR
2 1 128 126 455 XOR
2 1 128 61 456 XOR
2 1 128 60 457 XOR
2 1 128 59 458 XOR
2 1 128 58 459 XOR
2 1 128 57 460 XOR
2 1 128 56 461 XOR
2 1 128 55 462 XOR
2 1 128 54 463 XOR
2 1 128 53 464 XOR
2 1 128 52 465 XOR
2 1 128 51 466 XOR
2 1 128 50 467 XOR
2 1 128 49 468 XOR
2 1 128 48 469 XOR
2 1 128 47 470 XOR
2 1 128 46 471 XOR
2 1 128 45 472 XOR
2 1 128 44 473 XOR
2 1 128 43 474 XOR
2 1 128 42 475 XOR
2 1 128 41 476 XOR
2 1 128 40 477 XOR
2 1 128 39 478 XOR
2 1 128 38 479 XOR
2 1 128 37 480 XOR
2 1 128 36 481 XOR
2 1 128 35 482 XOR
2 1 128 34 483 XOR
2 1 128 33 484 XOR
2 1 128 32 485 XOR
2 1 128 31 486 XOR
2 1 128 30 487 XOR
2 1 128 29 488 XOR
2 1 128 28 489 XOR
2 1 128 27 490 XOR
2 1 128 26 491 XOR
2 1 128 25 492 XOR
2 1 128 24 493 XOR
2 1 128 23 494 XOR
2 1 128 22 495 XOR
2 1 128 21 496 XOR
2 1 128 20 497 XOR
2 1 128 19 498 XOR
2 1 128 18 499 XOR
2 1 128 17 500 XOR
2 1 128 16 501 XOR
2 1 128 15 502 XOR
2 1 128 14 503 XOR
2 1 128 13 504 XOR
2 1 128 12 505 XOR
2 1 128 11 506 XOR
2 1 128 10 507 XOR
2 1 128 9 508 XOR
2 1 128 8 509 XOR
2 1 128 7 510 XOR
2 1 128 132 511 XOR
2 1 128 135 512 XOR
2 1 128 4 513 XOR
2 1 128 3 514 XOR
2 1 128 2 515 XOR
2 1 128 131 516 XOR
2 1 128 134 517 XOR
2 1 128 133 518 XOR
2 1 128 126 519 XOR
2 1 128 128 520 XOR
2 1 128 128 521 XOR
2 1 128 128 522 XOR
2 1 128 128 523 XOR
2 1 128 128 524 XOR
2 1 128 128 525 XOR
2 1 128 128 526 XOR
2 1 128 128 527 XOR
2 1 128 128 528 XOR
2 1 128 128 529 XOR
2 1 128 128 530 XOR
2 1 128 128 531 XOR
2 1 128 128 532 XOR
2 1 128 128 533 XOR
2 1 128 128 534 XOR
2 1 128 128 535 XOR
2 1 128 128 536 XOR
2 1 128 128 537 XOR
2 1 128 128 538 XOR
2 1 128 128 539 XOR
2 1 128 128 540 XOR
2 1 128 128 541 XOR
2 1 128 128 542 XOR
2 1 128 128 543 XOR
2 1 128 128 544 XOR
2 1 128 128 545 XOR
2 1 128 128 546 XOR
2 1 128 128 547 XOR
2 1 128 128 548 XOR
2 1 128 128 549 XOR
2 1 128 128 550 XOR
2 1 128 128 551 XOR
2 1 128 128 552 XOR
2 1 128 128 553 XOR
2 1 128 128 554 XOR
2 1 128 128 555 XOR
2 1 128 128 556 XOR
2 1 128 128 557 XOR
2 1 128 128 558 XOR
2 1 128 128 559 XOR
2 1 128 128 560 XOR
2 1 128 128 561 XOR
2 1 128 128 562 XOR
2 1 128 128 563 XOR
2 1 128 128 564 XOR
2 1 128 128 565 XOR
2 1 128 128 566 XOR
2 1 128 128 567 XOR
2 1 128 128 568 XOR
2 1 128 128 569 XOR
2 1 128 128 570 XOR
2 1 128 128 571 XOR
2 1 128 128 572 XOR
2 1 128 128 573 XOR
2 1 128 128 574 XOR
2 1 128 128 575 XOR
2 1 128 128 576 XOR
2 1 128 128 577 XOR
2 1 128 128 578 XOR
2 1 128 128 579 XOR
2 1 128 128 580 XOR
2 1 128 128 581 XOR
2 1 128 128 582 XOR
2 1 128 128 583 XOR
2 1 128 128 584 XOR
2 1 128 128 585 XOR
2 1 128 128 586 XOR
2 1 128 128 587 XOR
2 1 128 128 588 XOR
2 1 128 128 589 XOR
2 1 128 128 590 XOR
2 1 128 128 591 XOR
2 1 128 128 592 XOR
2 1 128 128 593 XOR
2 1 128 128 594 XOR
2 1 128 128 595 XOR
2 1 128 128 596 XOR
2 1 128 128 597 XOR
2 1 128 128 598 XOR
2 1 128 128 599 XOR
2 1 128 128 600 XOR
2 1 128 128 601 XOR
2 1 128 128 602 XOR
2 1 128 128 603 XOR
2 1 128 128 604 XOR
2 1 128 128 605 XOR
2 1 128 128 606 XOR
2 1 128 128 607 XOR
2 1 128 128 608 XOR
2 1 128 128 609 XOR
2 1 128 128 610 XOR
2 1 128 128 611 XOR
2 1 128 128 612 XOR
2 1 128 128 613 XOR
2 1 128 128 614 XOR
2 1 128 128 615 XOR
2 1 128 128 616 XOR
2 1 128 128 617 XOR
2 1 128 128 618 XOR
2 1 128 128 619 XOR
2 1 128 128 620 XOR
2 1 128 128 621 XOR
2 1 128 128 622 XOR
2 1 128 128 623 XOR
2 1 128 128 624 XOR
2 1 128 128 625 XOR
2 1 128 128 626 XOR
2 1 128 128 627 XOR
2 1 128 128 628 XOR
2 1 128 128 629 XOR
2 1 128 128 630 XOR
2 1 128 128 631 XOR
2 1 128 128 632 XOR
2 1 128 128 633 XOR
2 1 128 128 634 XOR
2 1 128 128 635 XOR
2 1 128 128 636 XOR
2 1 128 128 637 XOR
2 1 128 128 638 XOR
2 1 128 128 639 XOR
2 1 128 128 640 XOR
2 1 128 128 641 XOR
2 1 128 128 642 XOR
2 1 128 128 643 XOR
2 1 128 128 644 XOR
2 1 128 128 645 XOR
2 1 128 128 646 XOR
2 1 128 128 647 XOR
2 1 128 61 648 XOR
2 1 128 60 649 XOR
2 1 128 59 650 XOR
2 1 128 58 651 XOR
2 1 128 57 652 XOR
2 1 128 56 653 XOR
2 1 128 55 654 XOR
2 1 128 54 655 XOR
2 1 128 53 656 XOR
2 1 128 52 657 XOR
2 1 128 51 658 XOR
2 1 128 50 659 XOR
2 1 128 49 660 XOR
2 1 128 48 661 XOR
2 1 128 47 662 XOR
2 1 128 46 663 XOR
2 1 128 45 664 XOR
2 1 128 44 665 XOR
2 1 128 43 666 XOR
2 1 128 42 667 XOR
2 1 128 41 668 XOR
2 1 128 40 669 XOR
2 1 128 39 670 XOR
2 1 128 38 671 XOR
2 1 128 37 672 XOR
2 1 128 36 673 XOR
2 1 128 35 674 XOR
2 1 128 34 675 XOR
2 1 128 33 676 XOR
2 1 128 32 677 XOR
2 1 128 31 678 XOR
2 1 128 30 679 XOR
2 1 128 29 680 XOR
2 1 128 28 681 XOR
2 1 128 27 682 XOR
2 1 128 26 683 XOR
2 1 128 25 684 XOR
2 1 128 24 685 XOR
2 1 128 23 686 XOR
2 1 128 22 687 XOR
2 1 128 21 688 XOR
2 1 128 20 689 XOR
2 1 128 19 690 XOR
2 1 128 18 691 XOR
2 1 128 17 692 XOR
2 1 128 16 693 XOR
2 1 128 15 694 XOR
2 1 128 14 695 XOR
2 1 128 13 696 XOR
2 1 128 12 697 XOR
2 1 128 11 698 XOR
2 1 128 10 699 XOR
2 1 128 9 700 XOR
2 1 128 8 701 XOR
2 1 128 7 702 XOR
2 1 128 132 703 XOR
2 1 128 135 704 XOR
2 1 128 4 705 XOR
2 1 128 3 706 XOR
2 1 128 2 707 XOR
2 1 128 131 708 XOR
2 1 128 134 709 XOR
2 1 128 133 710 XOR
2 1 128 126 711 XOR
2 1 128 61 712 XOR
2 1 128 60 713 XOR
2 1 128 59 714 XOR
2 1 128 58 715 XOR
2 1 128 57 716 XOR
2 1 128 56 717 XOR
2 1 128 55 718 XOR
2 1 128 54 719 XOR
2 1 128 53 720 XOR
2 1 128 52 721 XOR
2 1 128 51 722 XOR
2 1 128 50 723 XOR
2 1 128 49 724 XOR
2 1 128 48 725 XOR
2 1 128 47 726 XOR
2 1 128 46 727 XOR
2 1 128 45 728 XOR
2 1 128 44 729 XOR
2 1 128 43 730 XOR
2 1 128 42 731 XOR
2 1 128 41 732 XOR
2 1 128 40 733 XOR
2 1 128 39 734 XOR
2 1 128 38 735 XOR
2 1 128 37 736 XOR
2 1 128 36 737 XOR
2 1 128 35 738 XOR
2 1 128 34 739 XOR
2 1 128 33 740 XOR
2 1 128 32 741 XOR
2 1 128 31 742 XOR
2 1 128 30 743 XOR
2 1 128 29 744 XOR
2 1 128 28 745 XOR
2 1 128 27 746 XOR
2 1 128 26 747 XOR
2 1 128 25 748 XOR
2 1 128 24 749 XOR
2 1 128 23 750 XOR
2 1 128 22 751 XOR
2 1 128 21 752 XOR
2 1 128 20 753 XOR
2 1 128 19 754 XOR
2 1 128 18 755 XOR
2 1 128 17 756 XOR
2 1 128 16 757 XOR
2 1 128 15 758 XOR
2 1 128 14 759 XOR
2 1 128 13 760 XOR
2 1 128 12 761 XOR
2 1 128 11 762 XOR
2 1 128 10 763 XOR
2 1 128 9 764 XOR
2 1 128 8 765 XOR
2 1 128 7 766 XOR
2 1 128 132 767 XOR
2 1 128 135 768 XOR
2 1 128 4 769 XOR
2 1 128 3 770 XOR
2 1 128 2 771 XOR
2 1 128 131 772 XOR
2 1 128 134 773 XOR
2 1 128 133 774 XOR
2 1 128 126 775 XOR
2 1 128 128 776 XOR
2 1 128 128 777 XOR
2 1 128 128 778 XOR
2 1 128 128 779 XOR
2 1 128 128 780 XOR
2 1 128 128 781 XOR
2 1 128 128 782 XOR
2 1 128 128 783 XOR
2 1 128 128 784 XOR
2 1 128 128 785 XOR
2 1 128 128 786 XOR
2 1 128 128 787 XOR
2 1 128 128 788 XOR
2 1 128 128 789 XOR
2 1 128 128 790 XOR
2 1 128 128 791 XOR
2 1 128 128 792 XOR
2 1 128 128 793 XOR
2 1 128 128 794 XOR
2 1 128 128 795 XOR
2 1 128 128 796 XOR
2 1 128 128 797 XOR
2 1 128 128 798 XOR
2 1 128 128 799 XOR
2 1 128 128 800 XOR
2 1 128 128 801 XOR
2 1 128 128 802 XOR
2 1 128 128 803 XOR
2 1 128 128 804 XOR
2 1 128 128 805 XOR
2 1 128 128 806 XOR
2 1 128 128 807 XOR
2 1 128 128 808 XOR
2 1 128 128 809 XOR
2 1 128 128 810 XOR
2 1 128 128 811 XOR
2 1 128 128 812 XOR
2 1 128 128 813 XOR
2 1 128 128 814 XOR
2 1 128 128 815 XOR
2 1 128 128 816 XOR
2 1 128 128 817 XOR
2 1 128 128 818 XOR
2 1 128 128 819 XOR
2 1 128 128 820 XOR
2 1 128 128 821 XOR
2 1 128 128 822 XOR
2 1 128 128 823 XOR
2 1 128 128 824 XOR
2 1 128 128 825 XOR
2 1 128 128 826 XOR
2 1 128 128 827 XOR
2 1 128 128 828 XOR
2 1 128 128 829 XOR
2 1 128 128 830 XOR
2 1 128 128 831 XOR
2 1 128 128 832 XOR
2 1 128 128 833 XOR
2 1 128 128 834 XOR
2 1 128 128 835 XOR
2 1 128 128 836 XOR
2 1 128 128 837 XOR
2 1 128 128 838 XOR
2 1 128 128 839 XOR
2 1 128 128 840 XOR
2 1 128 128 841 XOR
2 1 128 128 842 XOR
2 1 128 128 843 XOR
2 1 128 128 844 XOR
2 1 128 128 845 XOR
2 1 128 128 846 XOR
2 1 128 128 847 XOR
2 1 128 128 848 XOR
2 1 128 128 849 XOR
2 1 128 128 850 XOR
2 1 128 128 851 XOR
2 1 128 128 852 XOR
2 1 128 128 853 XOR
2 1 128 128 854 XOR
2 1 128 128 855 XOR
2 1 128 128 856 XOR
2 1 128 128 857 XOR
2 1 128 128 858 XOR
2 1 128 128 859 XOR
2 1 128 128 860 XOR
2 1 128 128 861 XOR
2 1 128 128 862 XOR
2 1 128 128 863 XOR
2 1 128 128 864 XOR
2 1 128 128 865 XOR
2 1 128 128 866 XOR
2 1 128 128 867 XOR
2 1 128 128 868 XOR
2 1 128 128 869 XOR
2 1 128 128 870 XOR
2 1 128 128 871 XOR
2 1 128 128 872 XOR
2 1 128 128 873 XOR
2 1 128 128 874 XOR
2 1 128 128 875 XOR
2 1 128 128 876 XOR
2 1 128 128 877 XOR
2 1 128 128 878 XOR
2 1 128 128 879 XOR
2 1 128 128 880 XOR
2 1 128 128 881 XOR
2 1 128 128 882 XOR
2 1 128 128 883 XOR
2 1 128 128 884 XOR
2 1 128 128 885 XOR
2 1 128 128 886 XOR
2 1 128 128 887 XOR
2 1 128 128 888 XOR
2 1 128 128 889 XOR
2 1 128 128 890 XOR
2 1 128 128 891 XOR
2 1 128 128 892 XOR
2 1 128 128 893 XOR
2 1 128 128 894 XOR
2 1 128 128 895 XOR
2 1 128 128 896 XOR
2 1 128 128 897 XOR
2 1 128 128 898 XOR
2 1 128 128 899 XOR
2 1 128 128 900 XOR
2 1 128 128 901 XOR
2 1 128 128 902 XOR
2 1 128 128 903 XOR
2 1 128 61 904 XOR
2 1 128 60 905 XOR
2 1 128 59 906 XOR
2 1 128 58 907 XOR
2 1 128 57 908 XOR
2 1 128 56 909 XOR
2 1 128 55 910 XOR
2 1 128 54 911 XOR
2 1 128 53 912 XOR
2 1 128 52 913 XOR
2 1 128 51 914 XOR
2 1 128 50 915 XOR
2 1 128 49 916 XOR
2 1 128 48 917 XOR
2 1 128 47 918 XOR
2 1 128 46 919 XOR
2 1 128 45 920 XOR
2 1 128 44 921 XOR
2 1 128 43 922 XOR
2 1 128 42 923 XOR
2 1 128 41 924 XOR
2 1 128 40 925 XOR
2 1 128 39 926 XOR
2 1 128 38 927 XOR
2 1 128 37 928 XOR
2 1 128 36 929 XOR
2 1 128 35 930 XOR
2 1 128 34 931 XOR
2 1 128 33 932 XOR
2 1 128 32 933 XOR
2 1 128 31 934 XOR
2 1 128 30 935 XOR
2 1 128 29 936 XOR
2 1 128 28 937 XOR
2 1 128 27 938 XOR
2 1 128 26 939 XOR
2 1 128 25 940 XOR
2 1 128 24 941 XOR
2 1 128 23 942 XOR
2 1 128 22 943 XOR
2 1 128 21 944 XOR
2 1 128 20 945 XOR
2 1 128 19 946 XOR
2 1 128 18 947 XOR
2 1 128 17 948 XOR
2 1 128 16 949 XOR
2 1 128 15 950 XOR
2 1 128 14 951 XOR
2 1 128 13 952 XOR
2 1 128 12 953 XOR
2 1 128 11 954 XOR
2 1 128 10 955 XOR
2 1 128 9 956 XOR
2 1 128 8 957 XOR
2 1 128 7 958 XOR
2 1 128 132 959 XOR
2 1 128 135 960 XOR
2 1 128 4 961 XOR
2 1 128 3 962 XOR
2 1 128 2 963 XOR
2 1 128 131 964 XOR
2 1 128 134 965 XOR
2 1 128 133 966 XOR
2 1 128 126 967 XOR
2 1 128 61 968 XOR
2 1 128 60 969 XOR
2 1 128 59 970 XOR
2 1 128 58 971 XOR
2 1 128 57 972 XOR
2 1 128 56 973 XOR
2 1 128 55 974 XOR
2 1 128 54 975 XOR
2 1 128 53 976 XOR
2 1 128 52 977 XOR
2 1 128 51 978 XOR
2 1 128 50 979 XOR
2 1 128 49 980 XOR
2 1 128 48 981 XOR
2 1 128 47 982 XOR
2 1 128 46 983 XOR
2 1 128 45 984 XOR
2 1 128 44 985 XOR
2 1 128 43 986 XOR
2 1 128 42 987 XOR
2 1 128 41 988 XOR
2 1 128 40 989 XOR
2 1 128 39 990 XOR
2 1 128 38 991 XOR
2 1 128 37 992 XOR
2 1 128 36 993 XOR
2 1 128 35 994 XOR
2 1 128 34 995 XOR
2 1 128 33 996 XOR
2 1 128 32 997 XOR
2 1 128 31 998 XOR
2 1 128 30 999 XOR
2 1 128 29 1000 XOR
2 1 128 28 1001 XOR
2 1 128 27 1002 XOR
2 1 128 26 1003 XOR
2 1 128 25 1004 XOR
2 1 128 24 1005 XOR
2 1 128 23 1006 XOR
2 1 128 22 1007 XOR
2 1 128 21 1008 XOR
2 1 128 20 1009 XOR
2 1 128 19 1010 XOR
2 1 128 18 1011 XOR
2 1 128 17 1012 XOR
2 1 128 16 1013 XOR
2 1 128 15 1014 XOR
2 1 128 14 1015 XOR
2 1 128 13 1016 XOR
2 1 128 12 1017 XOR
2 1 128 11 1018 XOR
2 1 128 10 1019 XOR
2 1 128 9 1020 XOR
2 1 128 8 1021 XOR
2 1 128 7 1022 XOR
2 1 128 132 1023 XOR
2 1 128 135 1024 XOR
2 1 128 4 1025 XOR
2 1 128 3 1026 XOR
2 1 128 2 1027 XOR
2 1 128 131 1028 XOR
2 1 128 134 1029 XOR
2 1 128 133 1030 XOR
2 1 128 126 1031 XOR
2 1 128 128 1032 XOR
2 1 128 128 1033 XOR
2 1 128 128 1034 XOR
2 1 128 128 1035 XOR
2 1 128 128 1036 XOR
2 1 128 128 1037 XOR
2 1 128 128 1038 XOR
2 1 128 128 1039 XOR
2 1 128 128 1040 XOR
2 1 128 128 1041 XOR
2 1 128 128 1042 XOR
2 1 128 128 1043 XOR
2 1 128 128 1044 XOR
2 1 128 128 1045 XOR
2 1 128 128 1046 XOR
2 1 128 128 1047 XOR
2 1 128 128 1048 XOR
2 1 128 128 1049 XOR
2 1 128 128 1050 XOR
2 1 128 128 1051 XOR
2 1 128 128 1052 XOR
2 1 128 128 1053 XOR
2 1 128 128 1054 XOR
2 1 128 128 1055 XOR
2 1 128 128 1056 XOR
2 1 128 128 1057 XOR
2 1 128 128 1058 XOR
2 1 128 128 1059 XOR
2 1 128 128 1060 XOR
2 1 128 128 1061 XOR
2 1 128 128 1062 XOR
2 1 128 128 1063 XOR
2 1 128 128 1064 XOR
2 1 128 128 1065 XOR
2 1 128 128 1066 XOR
2 1 128 128 1067 XOR
2 1 128 128 1068 XOR
2 1 128 128 1069 XOR
2 1 128 128 1070 XOR
2 1 128 128 1071 XOR
2 1 128 128 1072 XOR
2 1 128 128 1073 XOR
2 1 128 128 1074 XOR
2 1 128 128 1075 XOR
2 1 128 128 1076 XOR
2 1 128 128 1077 XOR
2 1 128 128 1078 XOR
2 1 128 128 1079 XOR
2 1 128 128 1080 XOR
2 1 128 128 1081 XOR
2 1 128 128 1082 XOR
2 1 128 128 1083 XOR
2 1 128 128 1084 XOR
2 1 128 128 1085 XOR
2 1 128 128 1086 XOR
2 1 128 128 1087 XOR
2 1 128 128 1088 XOR
2 1 128 128 1089 XOR
2 1 128 128 1090 XOR
2 1 128 128 1091 XOR
2 1 128 128 1092 XOR
2 1 128 128 1093 XOR
2 1 128 128 1094 XOR
2 1 128 128 1095 XOR
2 1 128 128 1096 XOR
2 1 128 128 1097 XOR
2 1 128 128 1098 XOR
2 1 128 128 1099 XOR
2 1 128 128 1100 XOR
2 1 128 128 1101 XOR
2 1 128 128 1102 XOR
2 1 128 128 1103 XOR
2 1 128 128 1104 XOR
2 1 128 128 1105 XOR
2 1 128 128 1106 XOR
2 1 128 128 1107 XOR
2 1 128 128 1108 XOR
2 1 128 128 1109 XOR
2 1 128 128 1110 XOR
2 1 128 128 1111 XOR
2 1 128 128 1112 XOR
2 1 128 128 1113 XOR
2 1 128 128 1114 XOR
2 1 128 128 1115 XOR
2 1 128 128 1116 XOR
2 1 128 128 1117 XOR
2 1 128 128 1118 XOR
2 1 128 128 1119 XOR
2 1 128 128 1120 XOR
2 1 128 128 1121 XOR
2 1 128 128 1122 XOR
2 1 128 128 1123 XOR
2 1 128 128 1124 XOR
2 1 128 128 1125 XOR
2 1 128 128 1126 XOR
2 1 128 128 1127 XOR
2 1 128 128 1128 XOR
2 1 128 128 1129 XOR
2 1 128 128 1130 XOR
2 1 128 128 1131 XOR
2 1 128 128 1132 XOR
2 1 128 128 1133 XOR
2 1 128 128 1134 XOR
2 1 128 128 1135 XOR
2 1 128 128 1136 XOR
2 1 128 128 1137 XOR
2 1 128 128 1138 XOR
2 1 128 128 1139 XOR
2 1 128 128 1140 XOR
2 1 128 128 1141 XOR
2 1 128 128 1142 XOR
2 1 128 128 1143 XOR
2 1 128 128 1144 XOR
2 1 128 128 1145 XOR
2 1 128 128 1146 XOR
2 1 128 128 1147 XOR
2 1 128 128 1148 XOR
2 1 128 128 1149 XOR
2 1 128 128 1150 XOR
2 1 128 128 1151 XOR
2 1 128 128 1152 XOR
2 1 128 128 1153 XOR
2 1 128 128 1154 XOR
2 1 128 128 1155 XOR
2 1 128 128 1156 XOR
2 1 128 128 1157 XOR
2 1 128 128 1158 XOR
2 1 128 128 1159 XOR
2 1 128 125 1160 XOR
2 1 128 124 1161 XOR
2 1 128 123 1162 XOR
2 1 128 122 1163 XOR
2 1 128 121 1164 XOR
2 1 128 120 1165 XOR
2 1 128 119 1166 XOR
2 1 128 118 1167 XOR
2 1 128 117 1168 XOR
2 1 128 116 1169 XOR
2 1 128 115 1170 XOR
2 1 128 114 1171 XOR
2 1 128 113 1172 XOR
2 1 128 112 1173 XOR
2 1 128 111 1174 XOR
2 1 128 110 1175 XOR
2 1 128 109 1176 XOR
2 1 128 108 1177 XOR
2 1 128 107 1178 XOR
2 1 128 106 1179 XOR
2 1 128 105 1180 XOR
2 1 128 104 1181 XOR
2 1 128 103 1182 XOR
2 1 128 102 1183 XOR
2 1 128 101 1184 XOR
2 1 128 100 1185 XOR
2 1 128 99 1186 XOR
2 1 128 98 1187 XOR
2 1 128 97 1188 XOR
2 1 128 96 1189 XOR
2 1 128 95 1190 XOR
2 1 128 94 1191 XOR
2 1 128 93 1192 XOR
2 1 128 92 1193 XOR
2 1 128 91 1194 XOR
2 1 128 90 1195 XOR
2 1 128 89 1196 XOR
2 1 128 88 1197 XOR
2 1 128 87 1198 XOR
2 1 128 86 1199 XOR
2 1 128 85 1200 XOR
2 1 128 84 1201 XOR
2 1 128 83 1202 XOR
2 1 128 82 1203 XOR
2 1 128 81 1204 XOR
2 1 128 80 1205 XOR
2 1 128 79 1206 XOR
2 1 128 78 1207 XOR
2 1 128 77 1208 XOR
2 1 128 76 1209 XOR
2 1 128 75 1210 XOR
2 1 128 74 1211 XOR
2 1 128 73 1212 XOR
2 1 128 72 1213 XOR
2 1 128 71 1214 XOR
2 1 128 70 1215 XOR
2 1 128 69 1216 XOR
2 1 128 68 1217 XOR
2 1 128 67 1218 XOR
2 1 128 66 1219 XOR
2 1 128 65 1220 XOR
2 1 128 64 1221 XOR
2 1 128 63 1222 XOR
2 1 128 62 1223 XOR
2 1 128 125 1224 XOR
2 1 128 124 1225 XOR
2 1 128 123 1226 XOR
2 1 128 122 1227 XOR
2 1 128 121 1228 XOR
2 1 128 120 1229 XOR
2 1 128 119 1230 XOR
2 1 128 118 1231 XOR
2 1 128 117 1232 XOR
2 1 128 116 1233 XOR
2 1 128 115 1234 XOR
2 1 128 114 1235 XOR
2 1 128 113 1236 XOR
2 1 128 112 1237 XOR
2 1 128 111 1238 XOR
2 1 128 110 1239 XOR
2 1 128 109 1240 XOR
2 1 128 108 1241 XOR
2 1 128 107 1242 XOR
2 1 128 106 1243 XOR
2 1 128 105 1244 XOR
2 1 128 104 1245 XOR
2 1 128 103 1246 XOR
2 1 128 102 1247 XOR
2 1 128 101 1248 XOR
2 1 128 100 1249 XOR
2 1 128 99 1250 XOR
2 1 128 98 1251 XOR
2 1 128 97 1252 XOR
2 1 128 96 1253 XOR
2 1 128 95 1254 XOR
2 1 128 94 1255 XOR
2 1 128 93 1256 XOR
2 1 128 92 1257 XOR
2 1 128 91 1258 XOR
2 1 128 90 1259 XOR
2 1 128 89 1260 XOR
2 1 128 88 1261 XOR
2 1 128 87 1262 XOR
2 1 128 86 1263 XOR
2 1 128 85 1264 XOR
2 1 128 84 1265 XOR
2 1 128 83 1266 XOR
2 1 128 82 1267 XOR
2 1 128 81 1268 XOR
2 1 128 80 1269 XOR
2 1 128 79 1270 XOR
2 1 128 78 1271 XOR
2 1 128 77 1272 XOR
2 1 128 76 1273 XOR
2 1 128 75 1274 XOR
2 1 128 74 1275 XOR
2 1 128 73 1276 XOR
2 1 128 72 1277 XOR
2 1 128 71 1278 XOR
2 1 128 70 1279 XOR
2 1 128 69 1280 XOR
2 1 128 68 1281 XOR
2 1 128 67 1282 XOR
2 1 128 66 1283 XOR
2 1 128 65 1284 XOR
2 1 128 64 1285 XOR
2 1 128 63 1286 XOR
2 1 128 62 1287 XOR
2 1 128 128 1288 XOR
2 1 128 128 1289 XOR
2 1 128 128 1290 XOR
2 1 128 128 1291 XOR
2 1 128 128 1292 XOR
2 1 128 128 1293 XOR
2 1 128 128 1294 XOR
2 1 128 128 1295 XOR
2 1 128 128 1296 XOR
2 1 128 128 1297 XOR
2 1 128 128 1298 XOR
2 1 128 128 1299 XOR
2 1 128 128 1300 XOR
2 1 128 128 1301 XOR
2 1 128 128 1302 XOR
2 1 128 128 1303 XOR
2 1 128 128 1304 XOR
2 1 128 128 1305 XOR
2 1 128 128 1306 XOR
2 1 128 128 1307 XOR
2 1 128 128 1308 XOR
2 1 128 128 1309 XOR
2 1 128 128 1310 XOR
2 1 128 128 1311 XOR
2 1 128 128 1312 XOR
2 1 128 128 1313 XOR
2 1 128 128 1314 XOR
2 1 128 128 1315 XOR
2 1 128 128 1316 XOR
2 1 128 128 1317 XOR
2 1 128 128 1318 XOR
2 1 128 128 1319 XOR
2 1 128 128 1320 XOR
2 1 128 128 1321 XOR
2 1 128 128 1322 XOR
2 1 128 128 1323 XOR
2 1 128 128 1324 XOR
2 1 128 128 1325 XOR
2 1 128 128 1326 XOR
2 1 128 128 1327 XOR
2 1 128 128 1328 XOR
2 1 128 128 1329 XOR
2 1 128 128 1330 XOR
2 1 128 128 1331 XOR
2 1 128 128 1332 XOR
2 1 128 128 1333 XOR
2 1 128 128 1334 XOR
2 1 128 128 1335 XOR
2 1 128 128 1336 XOR
2 1 128 128 1337 XOR
2 1 128 128 1338 XOR
2 1 128 128 1339 XOR
2 1 128 128 1340 XOR
2 1 128 128 1341 XOR
2 1 128 128 1342 XOR
2 1 128 128 1343 XOR
2 1 128 128 1344 XOR
2 1 128 128 1345 XOR
2 1 128 128 1346 XOR
2 1 128 128 1347 XOR
2 1 128 128 1348 XOR
2 1 128 128 1349 XOR
2 1 128 128 1350 XOR
2 1 128 128 1351 XOR
2 1 128 128 1352 XOR
2 1 128 128 1353 XOR
2 1 128 128 1354 XOR
2 1 128 128 1355 XOR
2 1 128 128 1356 XOR
2 1 128 128 1357 XOR
2 1 128 128 1358 XOR
2 1 128 128 1359 XOR
2 1 128 128 1360 XOR
2 1 128 128 1361 XOR
2 1 128 128 1362 XOR
2 1 128 128 1363 XOR
2 1 128 128 1364 XOR
2 1 128 128 1365 XOR
2 1 128 128 1366 XOR
2 1 128 128 1367 XOR
2 1 128 128 1368 XOR
2 1 128 128 1369 XOR
2 1 128 128 1370 XOR
2 1 128 128 1371 XOR
2 1 128 128 1372 XOR
2 1 128 128 1373 XOR
2 1 128 128 1374 XOR
2 1 128 128 1375 XOR
2 1 128 128 1376 XOR
2 1 128 128 1377 XOR
2 1 128 128 1378 XOR
2 1 128 128 1379 XOR
2 1 128 128 1380 XOR
2 1 128 128 1381 XOR
2 1 128 128 1382 XOR
2 1 128 128 1383 XOR
2 1 128 128 1384 XOR
2 1 128 128 1385 XOR
2 1 128 128 1386 XOR
2 1 128 128 1387 XOR
2 1 128 128 1388 XOR
2 1 128 128 1389 XOR
2 1 128 128 1390 XOR
2 1 128 128 1391 XOR
2 1 128 128 1392 XOR
2 1 128 128 1393 XOR
2 1 128 128 1394 XOR
2 1 128 128 1395 XOR
2 1 128 128 1396 XOR
2 1 128 128 1397 XOR
2 1 128 128 1398 XOR
2 1 128 128 1399 XOR
2 1 128 128 1400 XOR
2 1 128 128 1401 XOR
2 1 128 128 1402 XOR
2 1 128 128 1403 XOR
2 1 128 128 1404 XOR
2 1 128 128 1405 XOR
2 1 128 128 1406 XOR
2 1 128 128 1407 XOR
2 1 128 128 1408 XOR
2 1 128 128 1409 XOR
2 1 128 128 1410 XOR
2 1 128 128 1411 XOR
2 1 128 128 1412 XOR
2 1 128 128 1413 XOR
2 1 128 128 1414 XOR
2 1 128 128 1415 XOR
2 1 128 125 1416 XOR
2 1 128 124 1417 XOR
2 1 128 123 1418 XOR
2 1 128 122 1419 XOR
2 1 128 121 1420 XOR
2 1 128 120 1421 XOR
2 1 128 119 1422 XOR
2 1 128 118 1423 XOR
2 1 128 117 1424 XOR
2 1 128 116 1425 XOR
2 1 128 115 1426 XOR
2 1 128 114 1427 XOR
2 1 128 113 1428 XOR
2 1 128 112 1429 XOR
2 1 128 111 1430 XOR
2 1 128 110 1431 XOR
2 1 128 109 1432 XOR
2 1 128 108 1433 XOR
2 1 128 107 1434 XOR
2 1 128 106 1435 XOR
2 1 128 105 1436 XOR
2 1 128 104 1437 XOR
2 1 128 103 1438 XOR
2 1 128 102 1439 XOR
2 1 128 101 1440 XOR
2 1 128 100 1441 XOR
2 1 128 99 1442 XOR
2 1 128 98 1443 XOR
2 1 128 97 1444 XOR
2 1 128 96 1445 XOR
2 1 128 95 1446 XOR
2 1 128 94 1447 XOR
2 1 128 93 1448 XOR
2 1 128 92 1449 XOR
2 1 128 91 1450 XOR
2 1 128 90 1451 XOR
2 1 128 89 1452 XOR
2 1 128 88 1453 XOR
2 1 128 87 1454 XOR
2 1 128 86 1455 XOR
2 1 128 85 1456 XOR
2 1 128 84 1457 XOR
2 1 128 83 1458 XOR
2 1 128 82 1459 XOR
2 1 128 81 1460 XOR
2 1 128 80 1461 XOR
2 1 128 79 1462 XOR
2 1 128 78 1463 XOR
2 1 128 77 1464 XOR
2 1 128 76 1465 XOR
2 1 128 75 1466 XOR
2 1 128 74 1467 XOR
2 1 128 73 1468 XOR
2 1 128 72 1469 XOR
2 1 128 71 1470 XOR
2 1 128 70 1471 XOR
2 1 128 69 1472 XOR
2 1 128 68 1473 XOR
2 1 128 67 1474 XOR
2 1 128 66 1475 XOR
2 1 128 65 1476 XOR
2 1 128 64 1477 XOR
2 1 128 63 1478 XOR
2 1 128 62 1479 XOR
2 1 128 125 1480 XOR
2 1 128 124 1481 XOR
2 1 128 123 1482 XOR
2 1 128 122 1483 XOR
2 1 128 121 1484 XOR
2 1 128 120 1485 XOR
2 1 128 119 1486 XOR
2 1 128 118 1487 XOR
2 1 128 117 1488 XOR
2 1 128 116 1489 XOR
2 1 128 115 1490 XOR
2 1 128 114 1491 XOR
2 1 128 113 1492 XOR
2 1 128 112 1493 XOR
2 1 128 111 1494 XOR
2 1 128 110 1495 XOR
2 1 128 109 1496 XOR
2 1 128 108 1497 XOR
2 1 128 107 1498 XOR
2 1 128 106 1499 XOR
2 1 128 105 1500 XOR
2 1 128 104 1501 XOR
2 1 128 103 1502 XOR
2 1 128 102 1503 XOR
2 1 128 101 1504 XOR
2 1 128 100 1505 XOR
2 1 128 99 1506 XOR
2 1 128 98 1507 XOR
2 1 128 97 1508 XOR
2 1 128 96 1509 XOR
2 1 128 95 1510 XOR
2 1 128 94 1511 XOR
2 1 128 93 1512 XOR
2 1 128 92 1513 XOR
2 1 128 91 1514 XOR
2 1 128 90 1515 XOR
2 1 128 89 1516 XOR
2 1 128 88 1517 XOR
2 1 128 87 1518 XOR
2 1 128 86 1519 XOR
2 1 128 85 1520 XOR
2 1 128 84 1521 XOR
2 1 128 83 1522 XOR
2 1 128 82 1523 XOR
